Musly MIREX similarity matrix (Version: 0.1), Method: timbre
1	Full/00a_Marvin_Gaye_Got_to_Give_it_Up_F.mp3
2	Full/00b_Robin_Thicke_Blurred_Lines_F.mp3
3	Full/01a_Parker_Ain't_That_a_Lot_of_Loving_F.mp3
4	Full/01b_Winwood_Gimme_Some_Lovin'_F.mp3
5	Full/02a_Eight_Mile_Style_Lose_Yourself_F.mp3
6	Full/02b_New_Zealand_National_Party_Eminem_Esque_F.mp3
7	Full/03a_Bowen_Remind_Me_F.mp3
8	Full/03b_Paisley_Remind_Me_F.mp3
9	Full/04a_Joel_McDonald_Made_in_America_F.mp3
10	Full/04b_Kanye_West_Made_in_America_F.mp3
11	Full/05a_Rebecca_Francescatti_Juda_F.mp3
12	Full/05b_Stefani_Germanotta_Judas_F.mp3
13	Full/06a_Vincent_Peters_Stronger_F.mp3
14	Full/06b_Kanye_West_Stronger_F.mp3
15	Full/07a_David_and_Peter_Currin_I'm_Frontin'_F.mp3
16	Full/07b_Pharrell_Williams_Frontin_F.mp3
17	Full/08a_Larrikin_Music_Publishing_Ltd_Kookaburra_Sits_in_the_Old_Gum_Tree_F.mp3
18	Full/08b_EMI_Songs_Australia_Plty_Ltd_Down_Under_F.mp3
19	Full/09a_Samuel_Steele_Man_I_Really_Love_This_Team_F.mp3
20	Full/09b_Jon_Bongiovi_I_Love_This_Town_F.mp3
21	Full/10a_George_Clinton_Atomic_Dog_F.mp3
22	Full/10b_Public_Announcement_D.O.G._In_Me_F.mp3
23	Full/11a_Luther_Campbell_Its_Your_Birthday_F.mp3
24	Full/11b_Curtis_James_Jackson_In_Da_Club_F.mp3
25	Full/12a_Lo_Liangshan_Love_Song_F.mp3
26	Full/12b_Hu_Bye_Bye_My_Lover!_F.mp3
27	Full/13a_Jerome_Temple_Back_That_Ass_Up_F.mp3
28	Full/13b_Terius_Gray_Back_That_Azz_Up_F.mp3
29	Full/14a_Ralph_Vargas_and_Bland-Ricky_Roberts_Bust_Dat_Groove_Without_Ride_F.mp3
30	Full/14b_Brian_Transeau_Advertisement_for_Celebrex_F.mp3
31	Full/15a_Yong_Wang_Send_My_Comrade_to_Beijing_F.mp3
32	Full/15b_Zhengben_Zhu_Farewell_to_the_Red_Army_F.mp3
33	Full/16a_Apollo_Inc_When_the_Sun_Rises_F.mp3
34	Full/16b_Coca_Cola_(China)_Inc_Sunrise_F.mp3
35	Full/17a_Swirsky_One_of_Those_Love_Songs_F.mp3
36	Full/17b_Carey_Thank_God_I_Found_You_F.mp3
37	Full/18a_Cottrill_What_You_See_is_What_You_Get_F.mp3
38	Full/18b_Spears_What_U_see_is_What_U_Get_F.mp3
39	Full/19a_Jean_Hand_Clapping_Song_F.mp3
40	Full/19b_Bug_Music_My_Love_Is_Your_Love_F.mp3
41	Full/20a_Stephan_Malmstedt_Jenny_and_I_F.mp3
42	Full/20b_Per_Gessle_Sleeping_in_my_car_F.mp3
43	Full/21a_Three_Boys_Music_Love_Is_A_Wonderful_Thing_F.mp3
44	Full/21b_Michael_Bolton_Love_Is_A_Wondrful_Thing_F.mp3
45	Full/22a_Repp_Till_You_F.mp3
46	Full/22b_Lloyd_Webber_Phantom_Song_F.mp3
47	Full/23a_Rene_Santrayll_and_Michael_Walker_Uh_Oh_F.mp3
48	Full/23b_Stanley_Kirk_Burrell_Pepsi_Ad_featuring_Hammer_F.mp3
49	Full/24a_Fantasy_Run_Through_The_Jungle_F.mp3
50	Full/24b_Fogerty_The_Old_Man_Down_The_Road_F.mp3
51	Full/25a_Stavros_Logarides_City_of_Violets_F.mp3
52	Full/25b_Evangelos_Papathanasiou_Chariots_of_Fire_F.mp3
53	Full/26a_Grand_Upright_Alone_Again_F.mp3
54	Full/26b_Warner_Alone_Again_F.mp3
55	Full/27a_Levine_Life_Is_A_Rock_F.mp3
56	Full/27b_McDonalds_McDonalds_Menu_Song_F.mp3
57	Full/28a_Louis_Gaste_Pour_Toi_F.mp3
58	Full/28b_Morris_Kaiserman_Feelings_F.mp3
59	Full/29a_Baxter_Joy_F.mp3
60	Full/29b_MCA_Theme_from_ET_F.mp3
61	Full/30a_Selle_Let_It_End_F.mp3
62	Full/30b_Gibb_How_Deep_Is_Your_Love_F.mp3
63	Full/31a_Herald_Square_Music_Day_By_Day_F.mp3
64	Full/31b_Living_Music_Theme_NBCs_Today_Show_F.mp3
65	Full/32a_Bright_Tunes_Music_Hes_So_Fine_F.mp3
66	Full/32b_Harrisongs_Music_My_Sweet_Lord_F.mp3
67	Full/33a_Grantie_Muisc_Tiny_Bubbles_F.mp3
68	Full/33b_United_Artists_Hiding_The_Wine_F.mp3
69	Full/34a_Don_Raye_and_Hughie_Prince_Boogie_Woogie_Bugle_Boy_F.mp3
70	Full/34b_Earl_Wilson_and_Billy_Cunningham_The_Cunnilingus_Champion_of_Co_C_F.mp3
71	Full/35a_James_Sheppard_and_William_Miller_A_Thousand_Miles_Away_F.mp3
72	Full/35b_James_Sheppard_and_William_Miller_Daddy's_Home_F.mp3
73	Full/36a_Charles_Marshall_I_Hear_You_Calling_Me_F.mp3
74	Full/36b_Jeff_Godfrey_Tennessee_I_Hear_You_Calling_Me_F.mp3
75	Full/37a_HarumakiGohan_Hachigatsu_no_Rainy_F.mp3
76	Full/37b_Mori_M.A.K.E_F.mp3
77	Full/38a_Kobayashi_Dokomademo_Ikou_F.mp3
78	Full/38b_Hattori_Kinenju_F.mp3
79	Full/39a_Harry_Boulevard_of_Broken_Dreams_F.mp3
80	Full/39b_Suzuki_One_Rainy_Night_in_Tokyo_F.mp3
Q/R	1	2	3	4	5	6	7	8	9	10	11	12	13	14	15	16	17	18	19	20	21	22	23	24	25	26	27	28	29	30	31	32	33	34	35	36	37	38	39	40	41	42	43	44	45	46	47	48	49	50	51	52	53	54	55	56	57	58	59	60	61	62	63	64	65	66	67	68	69	70	71	72	73	74	75	76	77	78	79	80
1	0	0.434774	0.400757	0.2961	0.912464	0.571766	0.707915	0.689839	0.586083	0.606708	0.562826	0.649711	0.487467	0.858491	0.45008	0.858084	0.945394	0.660461	0.549796	0.636073	0.449793	0.605729	0.412543	0.566582	0.691635	0.357065	0.364839	0.387681	0.974075	0.456149	0.660008	0.614334	0.993641	0.254551	0.608283	0.749219	0.422591	0.336999	0.528266	0.822441	0.995187	0.775856	0.45986	0.275491	0.780852	0.314296	0.599517	0.769971	0.508422	0.42101	0.426113	0.888021	0.663926	0.649261	0.399201	0.441006	0.786844	0.769487	0.903761	0.663981	0.920853	0.621702	0.610511	0.959659	0.524299	0.522409	0.419153	0.953143	0.785468	0.700504	0.517675	0.647818	0.964579	0.951389	0.766614	0.858016	0.969531	0.612107	0.8089	0.594754
2	0.434774	0	0.784829	0.724692	0.880477	0.476998	0.642214	0.842322	0.655902	0.525784	0.682615	0.808397	0.342702	0.478975	0.66009	0.616041	0.993392	0.829671	0.854144	0.91438	0.503738	0.393413	0.678157	0.370988	0.505035	0.592667	0.527073	0.499601	0.993225	0.292559	0.690574	0.578323	0.985075	0.52744	0.598946	0.804774	0.476967	0.584604	0.748758	0.662635	0.998048	0.955202	0.810638	0.572114	0.810206	0.644328	0.558251	0.815654	0.631985	0.478586	0.847329	0.95482	0.734169	0.593072	0.49302	0.322321	0.660671	0.518037	0.822246	0.699842	0.930028	0.445189	0.738389	0.983919	0.698154	0.804223	0.665661	0.938088	0.918299	0.845226	0.619688	0.643053	0.967539	0.965113	0.932691	0.953426	0.95298	0.812622	0.781603	0.456537
3	0.400757	0.784829	0	0.209557	0.987896	0.828623	0.669597	0.513205	0.794821	0.491737	0.405018	0.390751	0.651402	0.968234	0.36571	0.981389	0.921499	0.583674	0.382865	0.535481	0.412897	0.636512	0.655668	0.746089	0.841657	0.235797	0.433972	0.552836	0.923655	0.605381	0.822066	0.823834	0.998263	0.338777	0.587849	0.594897	0.589505	0.432701	0.629433	0.91958	0.96751	0.418999	0.278947	0.387892	0.584497	0.44882	0.667458	0.622768	0.333377	0.602656	0.559044	0.924209	0.629496	0.685727	0.519258	0.592125	0.889937	0.899872	0.936618	0.824772	0.768152	0.734245	0.642185	0.814762	0.49539	0.259428	0.477657	0.915162	0.490127	0.478048	0.484988	0.485701	0.927459	0.895249	0.610418	0.843837	0.983423	0.61725	0.791528	0.531969
4	0.2961	0.724692	0.209557	0	0.979086	0.818013	0.50154	0.38894	0.747487	0.402659	0.365214	0.414561	0.661193	0.9545	0.526841	0.958498	0.904299	0.522375	0.384788	0.324801	0.477517	0.606183	0.484431	0.728397	0.815845	0.359023	0.313999	0.526848	0.978588	0.711202	0.856824	0.782729	0.995611	0.377193	0.498234	0.55695	0.595671	0.460121	0.678585	0.942811	0.987076	0.399392	0.3392	0.302054	0.724243	0.494168	0.701598	0.788257	0.402527	0.568903	0.574368	0.85265	0.693688	0.766162	0.575131	0.545232	0.886305	0.879276	0.901344	0.745774	0.803723	0.781955	0.616456	0.870537	0.5399	0.327045	0.438552	0.947452	0.690266	0.612486	0.448057	0.64426	0.914604	0.917683	0.666401	0.913739	0.963248	0.757951	0.87252	0.678122
5	0.912464	0.880477	0.987896	0.979086	0	0.266552	0.859776	0.983005	0.89483	0.964436	0.984512	0.995387	0.918076	0.266714	0.968741	0.157999	0.990422	0.956913	0.979365	0.899967	0.888429	0.894151	0.890246	0.900012	0.688121	0.912527	0.973213	0.830828	0.996639	0.770686	0.934481	0.748321	0.37866	0.94922	0.920823	0.967841	0.872409	0.973443	0.961384	0.935203	0.998445	0.995888	0.985841	0.963954	0.973093	0.933941	0.925623	0.979946	0.908328	0.937657	0.992333	0.621074	0.901773	0.982166	0.889642	0.670223	0.673163	0.554007	0.953331	0.882425	0.997074	0.711083	0.840629	0.996779	0.96311	0.950999	0.967877	0.997455	0.997024	0.994353	0.966294	0.948462	0.999044	0.998458	0.98321	0.99307	0.687253	0.963255	0.989471	0.972011
6	0.571766	0.476998	0.828623	0.818013	0.266552	0	0.716829	0.888779	0.773305	0.712654	0.893709	0.945887	0.575466	0.208173	0.743609	0.448593	0.995314	0.853768	0.847601	0.869606	0.462985	0.527354	0.692658	0.404851	0.22702	0.636324	0.734098	0.431003	0.995321	0.263146	0.644964	0.532617	0.611052	0.695899	0.67998	0.827477	0.603296	0.821577	0.819959	0.833475	0.998609	0.987628	0.881431	0.72919	0.815934	0.662643	0.641928	0.900648	0.521021	0.624446	0.901083	0.794094	0.518721	0.79753	0.319518	0.170386	0.482587	0.257456	0.926104	0.768521	0.953124	0.235751	0.560444	0.990859	0.795249	0.719854	0.644822	0.991123	0.944071	0.89807	0.657743	0.712308	0.995268	0.988103	0.957773	0.984687	0.754316	0.908437	0.932284	0.780179
7	0.707915	0.642214	0.669597	0.50154	0.859776	0.716829	0	0.706977	0.854895	0.718527	0.562925	0.821803	0.838733	0.750499	0.929534	0.776375	0.958148	0.879328	0.839069	0.73042	0.670274	0.744436	0.826456	0.894077	0.685505	0.63723	0.804042	0.835132	0.999424	0.744616	0.779756	0.346094	0.929286	0.625069	0.486298	0.707524	0.76592	0.834489	0.941319	0.983891	0.989149	0.897977	0.724022	0.647392	0.715341	0.644445	0.89106	0.917286	0.631694	0.697768	0.878227	0.863253	0.721337	0.950059	0.739244	0.379261	0.686888	0.663696	0.823785	0.599065	0.939034	0.612281	0.514483	0.943798	0.67196	0.681401	0.79843	0.967191	0.922788	0.891752	0.757594	0.691271	0.976074	0.982265	0.928954	0.98895	0.560955	0.627081	0.861948	0.562118
8	0.689839	0.842322	0.513205	0.38894	0.983005	0.888779	0.706977	0	0.874523	0.315644	0.269685	0.222462	0.765415	0.952914	0.812786	0.986532	0.882959	0.731156	0.534256	0.539449	0.735984	0.761032	0.84564	0.848756	0.893261	0.646868	0.466383	0.718226	0.984696	0.873612	0.924509	0.821589	0.995716	0.64797	0.637008	0.480623	0.892947	0.63431	0.802227	0.95846	0.971667	0.381784	0.538416	0.653651	0.754258	0.655001	0.813238	0.86803	0.606831	0.658355	0.604813	0.831381	0.736799	0.852985	0.681842	0.781781	0.946999	0.935175	0.934552	0.795611	0.844452	0.853516	0.664063	0.836115	0.753249	0.497363	0.736559	0.893933	0.758906	0.713048	0.535147	0.812485	0.935275	0.907442	0.669952	0.855669	0.922013	0.866449	0.935651	0.802611
9	0.586083	0.655902	0.794821	0.747487	0.89483	0.773305	0.854895	0.874523	0	0.832589	0.729089	0.80057	0.460268	0.762307	0.650886	0.813151	0.963639	0.801705	0.668276	0.695163	0.603821	0.66913	0.761918	0.623671	0.857976	0.557974	0.62642	0.530496	0.872893	0.552553	0.864501	0.916928	0.991896	0.735753	0.679043	0.835369	0.721249	0.468428	0.654017	0.775439	0.993165	0.7678	0.691623	0.652059	0.908135	0.795377	0.707363	0.79214	0.73125	0.586011	0.785247	0.914964	0.711475	0.802875	0.616449	0.771851	0.863605	0.684613	0.866454	0.899878	0.973992	0.869028	0.864561	0.973862	0.752392	0.63853	0.605737	0.984246	0.90573	0.878443	0.758437	0.869308	0.984637	0.945313	0.729822	0.827501	0.992953	0.872152	0.951529	0.695843
10	0.606708	0.525784	0.491737	0.402659	0.964436	0.712654	0.718527	0.315644	0.832589	0	0.527126	0.314547	0.635405	0.902223	0.560171	0.960178	0.955006	0.776212	0.55413	0.645841	0.551144	0.493185	0.840947	0.662512	0.641501	0.614353	0.453744	0.613794	0.988468	0.585355	0.886766	0.804976	0.991478	0.561999	0.298008	0.27348	0.780735	0.663449	0.766381	0.840762	0.988322	0.651243	0.688155	0.533352	0.69503	0.578235	0.696654	0.830928	0.491584	0.483313	0.719629	0.901782	0.644101	0.628852	0.450804	0.625607	0.863028	0.769	0.940989	0.875091	0.834811	0.552915	0.495997	0.878108	0.640741	0.520675	0.633462	0.954437	0.659482	0.594748	0.407115	0.675161	0.95315	0.954237	0.857905	0.949374	0.952687	0.873442	0.864925	0.610397
11	0.562826	0.682615	0.405018	0.365214	0.984512	0.893709	0.562925	0.269685	0.729089	0.527126	0	0.153581	0.642013	0.931667	0.586265	0.967004	0.882991	0.704013	0.534609	0.554266	0.522756	0.536613	0.696775	0.785347	0.891881	0.539365	0.425979	0.709501	0.948862	0.664376	0.918226	0.713405	0.99809	0.378289	0.461452	0.364029	0.744524	0.263853	0.817289	0.911104	0.96625	0.320089	0.500126	0.367333	0.811264	0.430048	0.741013	0.848864	0.617082	0.562081	0.648822	0.919693	0.766772	0.696671	0.551729	0.719373	0.923796	0.900812	0.860044	0.825189	0.887846	0.757188	0.639586	0.896045	0.409069	0.450701	0.630319	0.920466	0.712736	0.73031	0.442895	0.789445	0.929397	0.951323	0.635464	0.787326	0.952779	0.630121	0.915699	0.478288
12	0.649711	0.808397	0.390751	0.414561	0.995387	0.945887	0.821803	0.222462	0.80057	0.314547	0.153581	0	0.590525	0.975612	0.542379	0.994881	0.825524	0.733363	0.433491	0.601222	0.682753	0.612341	0.821385	0.814559	0.938829	0.554041	0.449231	0.715915	0.853524	0.786196	0.920449	0.908954	0.999328	0.522823	0.38942	0.230833	0.821246	0.243799	0.750342	0.882582	0.929061	0.169821	0.428378	0.353011	0.768655	0.581395	0.716949	0.794497	0.617148	0.540965	0.555076	0.936528	0.763113	0.641633	0.590484	0.892138	0.974672	0.964151	0.936446	0.911244	0.725895	0.874667	0.767243	0.708891	0.456752	0.444369	0.567204	0.852345	0.508048	0.509498	0.45763	0.797097	0.843891	0.72746	0.52091	0.57564	0.988945	0.802652	0.869144	0.609453
13	0.487467	0.342702	0.651402	0.661193	0.918076	0.575466	0.838733	0.765415	0.460268	0.635405	0.642013	0.590525	0	0.482141	0.457089	0.850568	0.974638	0.712152	0.546574	0.7717	0.35402	0.335026	0.55432	0.30694	0.723865	0.464159	0.38231	0.301373	0.92487	0.270159	0.64292	0.830793	0.996442	0.507697	0.659572	0.731443	0.42252	0.282708	0.606513	0.474536	0.995151	0.80822	0.698682	0.48771	0.862878	0.686313	0.464754	0.685264	0.566856	0.411076	0.713125	0.974341	0.68104	0.550423	0.494817	0.532771	0.833322	0.76013	0.883079	0.839223	0.916379	0.741495	0.86288	0.979437	0.55395	0.598381	0.549077	0.952887	0.846826	0.755416	0.608212	0.747919	0.956046	0.893532	0.62548	0.402099	0.993572	0.838596	0.827113	0.560165
14	0.858491	0.478975	0.968234	0.9545	0.266714	0.208173	0.750499	0.952914	0.762307	0.902223	0.931667	0.975612	0.482141	0	0.919979	0.158142	0.991833	0.938227	0.973291	0.899489	0.747481	0.658822	0.747215	0.587508	0.47248	0.824162	0.899884	0.686156	0.995214	0.584349	0.855587	0.652387	0.650268	0.864211	0.744591	0.891442	0.672865	0.87863	0.899246	0.715813	0.998622	0.992411	0.960781	0.898197	0.967832	0.88085	0.798828	0.968565	0.861833	0.83162	0.971423	0.806943	0.828107	0.93181	0.719286	0.467748	0.699851	0.502417	0.897412	0.850053	0.995777	0.604005	0.794689	0.99803	0.877062	0.891051	0.906913	0.995657	0.994395	0.991242	0.899092	0.936735	0.998495	0.995842	0.969042	0.936098	0.765148	0.949636	0.985551	0.897381
15	0.45008	0.66009	0.36571	0.526841	0.968741	0.743609	0.929534	0.812786	0.650886	0.560171	0.586265	0.542379	0.457089	0.919979	0	0.952758	0.921524	0.637101	0.435626	0.726661	0.386543	0.469542	0.540141	0.501635	0.885192	0.371106	0.370486	0.502142	0.800303	0.286811	0.819258	0.879207	0.998601	0.448851	0.682579	0.736027	0.381086	0.282015	0.619096	0.612032	0.968248	0.689085	0.5834	0.505387	0.787573	0.47057	0.484532	0.556079	0.516525	0.489916	0.600003	0.95249	0.739426	0.282335	0.496147	0.60498	0.859828	0.832693	0.916969	0.908763	0.857314	0.647092	0.784481	0.930824	0.537151	0.283777	0.401516	0.913893	0.491474	0.507034	0.519921	0.598539	0.92779	0.868501	0.754858	0.789898	0.996078	0.81942	0.8263	0.530541
16	0.858084	0.616041	0.981389	0.958498	0.157999	0.448593	0.776375	0.986532	0.813151	0.960178	0.967004	0.994881	0.850568	0.158142	0.952758	0	0.986113	0.965579	0.993827	0.935054	0.896689	0.812711	0.788089	0.884148	0.490285	0.912299	0.946859	0.832588	0.998273	0.751217	0.915359	0.578995	0.567638	0.880655	0.900235	0.968441	0.714595	0.93929	0.948097	0.886188	0.999492	0.995288	0.979678	0.936695	0.978504	0.92481	0.919451	0.984309	0.957729	0.922598	0.979738	0.663211	0.955082	0.971807	0.903103	0.526314	0.55285	0.496192	0.870515	0.850008	0.997525	0.771096	0.845774	0.998538	0.930829	0.945206	0.970879	0.994011	0.997853	0.996734	0.948255	0.913457	0.995411	0.99831	0.991427	0.989179	0.646498	0.843134	0.96284	0.918335
17	0.945394	0.993392	0.921499	0.904299	0.990422	0.995314	0.958148	0.882959	0.963639	0.955006	0.882991	0.825524	0.974638	0.991833	0.921524	0.986113	0	0.886725	0.871282	0.755321	0.97082	0.973552	0.879189	0.994014	0.989013	0.924909	0.940022	0.956997	0.913663	0.982919	0.97973	0.966708	0.997929	0.909607	0.939708	0.887232	0.927634	0.899554	0.961326	0.989414	0.928216	0.676317	0.909401	0.91388	0.966019	0.912423	0.963925	0.933477	0.979387	0.950318	0.932875	0.941037	0.985766	0.950091	0.970562	0.980926	0.981129	0.991564	0.920987	0.973617	0.947084	0.983661	0.943016	0.791104	0.933853	0.843778	0.958834	0.977306	0.818352	0.91211	0.959941	0.977818	0.871247	0.889506	0.864301	0.861033	0.974648	0.911979	0.942636	0.963009
18	0.660461	0.829671	0.583674	0.522375	0.956913	0.853768	0.879328	0.731156	0.801705	0.776212	0.704013	0.733363	0.712152	0.938227	0.637101	0.965579	0.886725	0	0.307095	0.298325	0.467478	0.697055	0.480396	0.802428	0.944963	0.673303	0.545364	0.402761	0.902583	0.770384	0.920874	0.897743	0.996908	0.716625	0.771772	0.853125	0.649923	0.614509	0.769658	0.930689	0.979428	0.616291	0.677673	0.715206	0.923384	0.693505	0.688681	0.629063	0.684454	0.721239	0.751931	0.890121	0.869185	0.817454	0.783252	0.776958	0.927515	0.920838	0.885237	0.868306	0.896005	0.825425	0.863457	0.930109	0.845318	0.669247	0.627957	0.935867	0.794421	0.742798	0.764214	0.841047	0.920216	0.935952	0.552466	0.822592	0.986533	0.848953	0.943539	0.836085
19	0.549796	0.854144	0.382865	0.384788	0.979365	0.847601	0.839069	0.534256	0.668276	0.55413	0.534609	0.433491	0.546574	0.973291	0.435626	0.993827	0.871282	0.307095	0	0.19073	0.237009	0.53111	0.610364	0.638777	0.917423	0.373582	0.330371	0.291589	0.817483	0.608845	0.84488	0.916548	0.998188	0.623811	0.66126	0.624724	0.685531	0.437783	0.565913	0.889201	0.966986	0.454166	0.495855	0.521403	0.70909	0.585793	0.559413	0.470844	0.286547	0.324895	0.607728	0.877241	0.574859	0.698123	0.585882	0.815551	0.932815	0.911698	0.88171	0.865264	0.781279	0.769569	0.71524	0.779672	0.654701	0.313148	0.373079	0.921741	0.446191	0.283927	0.570799	0.754359	0.899229	0.758803	0.465531	0.716298	0.99378	0.822001	0.899162	0.629972
20	0.636073	0.91438	0.535481	0.324801	0.899967	0.869606	0.73042	0.539449	0.695163	0.645841	0.554266	0.601222	0.7717	0.899489	0.726661	0.935054	0.755321	0.298325	0.19073	0	0.370934	0.549766	0.514695	0.916574	0.867757	0.543439	0.503615	0.374658	0.954534	0.861294	0.937341	0.87206	0.989767	0.64475	0.567945	0.549446	0.65596	0.620663	0.655659	0.929632	0.987386	0.465608	0.549943	0.534449	0.87702	0.653526	0.694698	0.869633	0.563948	0.609685	0.798245	0.66175	0.74567	0.909693	0.731381	0.820695	0.938986	0.920024	0.828092	0.89123	0.957292	0.822061	0.589598	0.860012	0.678791	0.366387	0.673192	0.97797	0.845235	0.796378	0.677122	0.892265	0.976818	0.964967	0.447343	0.821386	0.942574	0.856678	0.98674	0.799485
21	0.449793	0.503738	0.412897	0.477517	0.888429	0.462985	0.670274	0.735984	0.603821	0.551144	0.522756	0.682753	0.35402	0.747481	0.386543	0.896689	0.97082	0.467478	0.237009	0.370934	0	0.186348	0.454579	0.390549	0.748002	0.283727	0.277776	0.234728	0.97373	0.191549	0.69331	0.727113	0.991091	0.39544	0.561457	0.641645	0.482143	0.319818	0.619213	0.860884	0.99464	0.814216	0.556784	0.482978	0.750972	0.421193	0.212199	0.49871	0.316543	0.259938	0.706368	0.925702	0.611814	0.702198	0.304655	0.356028	0.691859	0.697112	0.834509	0.811224	0.896698	0.460893	0.650514	0.941494	0.59681	0.482758	0.438418	0.964982	0.680391	0.545644	0.492446	0.587988	0.967455	0.926005	0.719057	0.907629	0.977952	0.759845	0.850247	0.48862
22	0.605729	0.393413	0.636512	0.606183	0.894151	0.527354	0.744436	0.761032	0.66913	0.493185	0.536613	0.612341	0.335026	0.658822	0.469542	0.812711	0.973552	0.697055	0.53111	0.549766	0.186348	0	0.674069	0.560008	0.596977	0.486577	0.36555	0.265501	0.967627	0.296176	0.745737	0.699113	0.985046	0.503148	0.352037	0.370479	0.459194	0.421934	0.749306	0.729918	0.995231	0.820599	0.68956	0.493903	0.798905	0.505645	0.287149	0.765696	0.410428	0.267865	0.792108	0.937588	0.62839	0.618185	0.443802	0.514816	0.784892	0.633776	0.840734	0.821983	0.937908	0.449109	0.659736	0.957274	0.480075	0.516277	0.63629	0.964567	0.81745	0.786116	0.542728	0.725977	0.968206	0.955323	0.816103	0.905522	0.975143	0.760145	0.891924	0.466039
23	0.412543	0.678157	0.655668	0.484431	0.890246	0.692658	0.826456	0.84564	0.761918	0.840947	0.696775	0.821385	0.55432	0.747215	0.540141	0.788089	0.879189	0.480396	0.610364	0.514695	0.454579	0.674069	0	0.663207	0.827706	0.455335	0.367171	0.45917	0.953728	0.601924	0.765511	0.78601	0.988735	0.572569	0.815596	0.872612	0.360192	0.466684	0.743524	0.845013	0.994652	0.823906	0.707805	0.650211	0.894056	0.588467	0.549274	0.736649	0.653272	0.697566	0.726921	0.908674	0.83306	0.755647	0.693389	0.468986	0.769843	0.807035	0.787099	0.747636	0.952075	0.795335	0.762417	0.955267	0.573921	0.600924	0.53393	0.961599	0.832928	0.773564	0.661725	0.779467	0.95588	0.957521	0.690342	0.852782	0.975679	0.763857	0.834994	0.729964
24	0.566582	0.370988	0.746089	0.728397	0.900012	0.404851	0.894077	0.848756	0.623671	0.662512	0.785347	0.814559	0.30694	0.587508	0.501635	0.884148	0.994014	0.802428	0.638777	0.916574	0.390549	0.560008	0.663207	0	0.721648	0.597344	0.53426	0.541072	0.947252	0.184258	0.721438	0.841713	0.986723	0.743206	0.855978	0.893409	0.661877	0.533704	0.690993	0.529152	0.994657	0.939015	0.809605	0.74234	0.836526	0.745433	0.57043	0.711371	0.56482	0.523249	0.790646	0.977721	0.592431	0.530843	0.490228	0.427011	0.720093	0.634393	0.927336	0.887102	0.888305	0.617568	0.836718	0.977237	0.749088	0.835967	0.532211	0.960207	0.821999	0.693309	0.613199	0.743254	0.971584	0.905973	0.858102	0.881757	0.992945	0.881896	0.881948	0.667951
25	0.691635	0.505035	0.841657	0.815845	0.688121	0.22702	0.685505	0.893261	0.857976	0.641501	0.891881	0.938829	0.723865	0.47248	0.885192	0.490285	0.989013	0.944963	0.917423	0.867757	0.748002	0.596977	0.827706	0.721648	0	0.798429	0.829083	0.648571	0.998336	0.612806	0.609742	0.60385	0.708651	0.678327	0.672845	0.801206	0.669982	0.906823	0.775613	0.849744	0.998386	0.988383	0.876593	0.719354	0.733119	0.786618	0.80929	0.953894	0.685515	0.658196	0.889119	0.859009	0.685311	0.843064	0.559741	0.441141	0.438663	0.392295	0.855301	0.793157	0.941513	0.432368	0.474998	0.979519	0.812141	0.818604	0.765447	0.988087	0.949033	0.871771	0.76569	0.716098	0.980344	0.990248	0.977589	0.986118	0.789759	0.862495	0.87157	0.78349
26	0.357065	0.592667	0.235797	0.359023	0.912527	0.636324	0.63723	0.646868	0.557974	0.614353	0.539365	0.554041	0.464159	0.824162	0.371106	0.912299	0.924909	0.673303	0.373582	0.543439	0.283727	0.486577	0.455335	0.597344	0.798429	0	0.419334	0.35126	0.956225	0.293669	0.764866	0.74059	0.995038	0.31281	0.499596	0.607416	0.366317	0.366105	0.643956	0.870948	0.990009	0.673598	0.324345	0.37914	0.678632	0.393783	0.579619	0.662506	0.251543	0.284222	0.649789	0.898068	0.618284	0.631403	0.34189	0.339606	0.820073	0.684986	0.866863	0.826188	0.894963	0.629488	0.555457	0.908842	0.425028	0.166981	0.314078	0.951276	0.698627	0.583024	0.556918	0.565381	0.97206	0.932027	0.677054	0.83995	0.975163	0.66007	0.880381	0.437562
27	0.364839	0.527073	0.433972	0.313999	0.973213	0.734098	0.804042	0.466383	0.62642	0.453744	0.425979	0.449231	0.38231	0.899884	0.370486	0.946859	0.940022	0.545364	0.330371	0.503615	0.277776	0.36555	0.367171	0.53426	0.829083	0.419334	0	0.290441	0.950847	0.508867	0.770073	0.739892	0.996728	0.349526	0.563747	0.623198	0.468827	0.208892	0.553131	0.81905	0.984868	0.636843	0.39779	0.393068	0.780607	0.444794	0.386511	0.596221	0.458985	0.352794	0.547819	0.936986	0.700554	0.595047	0.500243	0.565916	0.84069	0.826712	0.859109	0.675314	0.867591	0.781229	0.688829	0.927318	0.493863	0.411431	0.536386	0.915317	0.647179	0.592378	0.448638	0.580911	0.937735	0.89419	0.618548	0.804397	0.984595	0.707347	0.816018	0.54985
28	0.387681	0.499601	0.552836	0.526848	0.830828	0.431003	0.835132	0.718226	0.530496	0.613794	0.709501	0.715915	0.301373	0.686156	0.502142	0.832588	0.956997	0.402761	0.291589	0.374658	0.234728	0.265501	0.45917	0.541072	0.648571	0.35126	0.290441	0	0.954164	0.30867	0.774755	0.807545	0.982712	0.526974	0.519048	0.554469	0.423193	0.408611	0.457805	0.813032	0.99659	0.821884	0.589707	0.467458	0.843318	0.527817	0.380973	0.649695	0.401771	0.338899	0.771208	0.85719	0.62977	0.702848	0.394473	0.530755	0.809991	0.66341	0.836292	0.880002	0.945461	0.524457	0.592928	0.945292	0.635841	0.443619	0.483264	0.97552	0.841858	0.705585	0.628211	0.763249	0.981726	0.9492	0.7091	0.853227	0.970642	0.799321	0.928977	0.565387
29	0.974075	0.993225	0.923655	0.978588	0.996639	0.995321	0.999424	0.984696	0.872893	0.988468	0.948862	0.853524	0.92487	0.995214	0.800303	0.998273	0.913663	0.902583	0.817483	0.954534	0.97373	0.967627	0.953728	0.947252	0.998336	0.956225	0.950847	0.954164	0	0.933976	0.997083	0.999347	0.999852	0.975746	0.987509	0.966882	0.957359	0.822823	0.802398	0.777985	0.920358	0.643238	0.929679	0.955725	0.98405	0.984162	0.925272	0.864511	0.977341	0.96831	0.902821	0.986616	0.95564	0.782592	0.970958	0.997601	0.998847	0.996334	0.975298	0.997313	0.919843	0.994565	0.996795	0.865238	0.935339	0.938706	0.914536	0.92501	0.818479	0.878903	0.974021	0.989083	0.953975	0.85256	0.628829	0.468272	0.999886	0.97922	0.985871	0.976103
30	0.456149	0.292559	0.605381	0.711202	0.770686	0.263146	0.744616	0.873612	0.552553	0.585355	0.664376	0.786196	0.270159	0.584349	0.286811	0.751217	0.982919	0.770384	0.608845	0.861294	0.191549	0.296176	0.601924	0.184258	0.612806	0.293669	0.508867	0.30867	0.933976	0	0.638044	0.684703	0.983706	0.481722	0.588662	0.718073	0.307682	0.440072	0.701932	0.660817	0.994849	0.927523	0.699856	0.575808	0.686153	0.480986	0.384132	0.680263	0.345968	0.223418	0.80265	0.949478	0.574511	0.463857	0.186582	0.209985	0.626165	0.442528	0.917363	0.872625	0.918737	0.357507	0.712947	0.974932	0.515485	0.567036	0.464655	0.963582	0.770558	0.685969	0.420656	0.502937	0.975372	0.937449	0.851627	0.910964	0.970398	0.740395	0.79681	0.373412
31	0.660008	0.690574	0.822066	0.856824	0.934481	0.644964	0.779756	0.924509	0.864501	0.886766	0.918226	0.920449	0.64292	0.855587	0.819258	0.915359	0.97973	0.920874	0.84488	0.937341	0.69331	0.745737	0.765511	0.721438	0.609742	0.764866	0.770073	0.774755	0.997083	0.638044	0	0.671707	0.969811	0.724437	0.878425	0.915277	0.518092	0.837083	0.897777	0.943299	0.992599	0.980042	0.795208	0.859737	0.512434	0.834549	0.682691	0.60824	0.705162	0.656856	0.766729	0.984157	0.806893	0.819732	0.752809	0.52705	0.487319	0.830384	0.895285	0.556494	0.796944	0.77526	0.829344	0.896961	0.791803	0.84914	0.766548	0.896121	0.719923	0.679133	0.840958	0.592803	0.693506	0.677744	0.933716	0.967093	0.938894	0.751641	0.459002	0.751619
32	0.614334	0.578323	0.823834	0.782729	0.748321	0.532617	0.346094	0.821589	0.916928	0.804976	0.713405	0.908954	0.830793	0.652387	0.879207	0.578995	0.966708	0.897743	0.916548	0.87206	0.727113	0.699113	0.78601	0.841713	0.60385	0.74059	0.739892	0.807545	0.999347	0.684703	0.671707	0	0.873255	0.375933	0.537029	0.804921	0.597802	0.819149	0.93888	0.965263	0.990767	0.975101	0.802842	0.74351	0.809615	0.230842	0.809567	0.895805	0.760137	0.733207	0.719194	0.843283	0.805399	0.926426	0.670913	0.262741	0.579497	0.555618	0.888591	0.505812	0.961641	0.571262	0.604932	0.975242	0.677906	0.812483	0.866845	0.941867	0.933403	0.939098	0.864672	0.658254	0.976457	0.98605	0.958245	0.987431	0.515579	0.459591	0.779273	0.641505
33	0.993641	0.985075	0.998263	0.995611	0.37866	0.611052	0.929286	0.995716	0.991896	0.991478	0.99809	0.999328	0.996442	0.650268	0.998601	0.567638	0.997929	0.996908	0.998188	0.989767	0.991091	0.985046	0.988735	0.986723	0.708651	0.995038	0.996728	0.982712	0.999852	0.983706	0.969811	0.873255	0	0.995382	0.975793	0.988651	0.987044	0.998965	0.996968	0.995363	0.986753	0.999687	0.998396	0.995784	0.98279	0.987508	0.993386	0.998526	0.987305	0.993571	0.998227	0.911103	0.978252	0.999207	0.967305	0.857159	0.801783	0.718207	0.973527	0.967098	0.995404	0.906919	0.906781	0.997911	0.991948	0.994613	0.99726	0.998861	0.998035	0.998225	0.991578	0.984999	0.997267	0.999487	0.999532	0.999858	0.412069	0.991731	0.975639	0.996772
34	0.254551	0.52744	0.338777	0.377193	0.94922	0.695899	0.625069	0.64797	0.735753	0.561999	0.378289	0.522823	0.507697	0.864211	0.448851	0.880655	0.909607	0.716625	0.623811	0.64475	0.39544	0.503148	0.572569	0.743206	0.678327	0.31281	0.349526	0.526974	0.975746	0.481722	0.724437	0.375933	0.995382	0	0.457425	0.558859	0.425412	0.352547	0.640907	0.87857	0.992325	0.704777	0.372893	0.248074	0.73445	0.17256	0.560927	0.775422	0.601138	0.38091	0.57539	0.868746	0.735557	0.666767	0.439026	0.422048	0.808177	0.811487	0.88189	0.774336	0.923173	0.601218	0.578437	0.937889	0.505189	0.449644	0.628292	0.950212	0.75645	0.7163	0.665436	0.599898	0.965907	0.96045	0.747083	0.814154	0.95138	0.532019	0.843183	0.439502
35	0.608283	0.598946	0.587849	0.498234	0.920823	0.67998	0.486298	0.637008	0.679043	0.298008	0.461452	0.38942	0.659572	0.744591	0.682579	0.900235	0.939708	0.771772	0.66126	0.567945	0.561457	0.352037	0.815596	0.855978	0.672845	0.499596	0.563747	0.519048	0.987509	0.588662	0.878425	0.537029	0.975793	0.457425	0	0.110558	0.660091	0.537775	0.827727	0.90525	0.983959	0.728028	0.545589	0.311539	0.753553	0.338931	0.703721	0.887711	0.515389	0.513061	0.837114	0.766165	0.646985	0.795179	0.403151	0.602467	0.867295	0.716204	0.876595	0.830491	0.936193	0.554982	0.451357	0.934156	0.4026	0.445839	0.700564	0.972582	0.770256	0.784287	0.557873	0.74066	0.978251	0.97005	0.855741	0.951268	0.885773	0.740632	0.909012	0.373876
36	0.749219	0.804774	0.594897	0.55695	0.967841	0.827477	0.707524	0.480623	0.835369	0.27348	0.364029	0.230833	0.731443	0.891442	0.736027	0.968441	0.887232	0.853125	0.624724	0.549446	0.641645	0.370479	0.872612	0.893409	0.801206	0.607416	0.623198	0.554469	0.966882	0.718073	0.915277	0.804921	0.988651	0.558859	0.110558	0	0.778603	0.638197	0.814943	0.930933	0.971213	0.505552	0.596823	0.47568	0.772163	0.532676	0.679264	0.894189	0.601226	0.528516	0.841178	0.913859	0.703772	0.826667	0.464144	0.776526	0.912589	0.835814	0.910746	0.953933	0.93054	0.672852	0.501791	0.85375	0.455848	0.478469	0.794471	0.971717	0.758609	0.739554	0.501381	0.825516	0.969228	0.945683	0.803154	0.90874	0.937324	0.844692	0.940062	0.471767
37	0.422591	0.476967	0.589505	0.595671	0.872409	0.603296	0.76592	0.892947	0.721249	0.780735	0.744524	0.821246	0.42252	0.672865	0.381086	0.714595	0.927634	0.649923	0.685531	0.65596	0.482143	0.459194	0.360192	0.661877	0.669982	0.366317	0.468827	0.423193	0.957359	0.307682	0.518092	0.597802	0.987044	0.425412	0.660091	0.778603	0	0.516579	0.755029	0.734557	0.995692	0.909775	0.612408	0.518096	0.76345	0.522475	0.482217	0.602383	0.585958	0.546863	0.784984	0.967848	0.806579	0.662379	0.518634	0.32916	0.713565	0.717733	0.859153	0.688835	0.924306	0.683965	0.698837	0.955683	0.4955	0.461191	0.614769	0.924703	0.768055	0.749031	0.769302	0.630834	0.958875	0.954644	0.805935	0.867451	0.969489	0.692838	0.759547	0.560022
38	0.336999	0.584604	0.432701	0.460121	0.973443	0.821577	0.834489	0.63431	0.468428	0.663449	0.263853	0.243799	0.282708	0.87863	0.282015	0.93929	0.899554	0.614509	0.437783	0.620663	0.319818	0.421934	0.466684	0.533704	0.906823	0.366105	0.208892	0.408611	0.822823	0.440072	0.837083	0.819149	0.998965	0.352547	0.537775	0.638197	0.516579	0	0.541157	0.747262	0.977144	0.464215	0.366587	0.271148	0.860559	0.451472	0.440914	0.735934	0.54722	0.333031	0.49521	0.914123	0.656112	0.543479	0.48909	0.73897	0.935795	0.88684	0.798331	0.818848	0.901372	0.817154	0.781832	0.921081	0.418309	0.434301	0.471825	0.920225	0.652995	0.709287	0.609068	0.804734	0.947765	0.8797	0.486793	0.5104	0.992801	0.607367	0.865914	0.532827
39	0.528266	0.748758	0.629433	0.678585	0.961384	0.819959	0.941319	0.802227	0.654017	0.766381	0.817289	0.750342	0.606513	0.899246	0.619096	0.948097	0.961326	0.769658	0.565913	0.655659	0.619213	0.749306	0.743524	0.690993	0.775613	0.643956	0.553131	0.457805	0.802398	0.701932	0.897777	0.93888	0.996968	0.640907	0.827727	0.814943	0.755029	0.541157	0	0.682171	0.995927	0.738514	0.594049	0.619156	0.879908	0.673202	0.778548	0.817727	0.673806	0.598766	0.793704	0.890657	0.744609	0.823612	0.684487	0.856403	0.925785	0.920218	0.906854	0.945145	0.923057	0.820906	0.855454	0.927999	0.763984	0.675314	0.764414	0.951772	0.82286	0.766737	0.797982	0.857409	0.983199	0.957157	0.643273	0.728229	0.99492	0.83526	0.957882	0.806191
40	0.822441	0.662635	0.91958	0.942811	0.935203	0.833475	0.983891	0.95846	0.775439	0.840762	0.911104	0.882582	0.474536	0.715813	0.612032	0.886188	0.989414	0.930689	0.889201	0.929632	0.860884	0.729918	0.845013	0.529152	0.849744	0.870948	0.81905	0.813032	0.777985	0.660817	0.943299	0.965263	0.995363	0.87857	0.90525	0.930933	0.734557	0.747262	0.682171	0	0.995646	0.951165	0.893901	0.860413	0.959066	0.86492	0.786566	0.917704	0.901092	0.817676	0.892398	0.979396	0.850311	0.596416	0.813424	0.88627	0.921297	0.851954	0.927747	0.972558	0.963392	0.817465	0.955923	0.9867	0.808108	0.921424	0.856675	0.968402	0.915566	0.912754	0.919258	0.954225	0.981607	0.96733	0.852917	0.730848	0.997806	0.945364	0.954709	0.847619
41	0.995187	0.998048	0.96751	0.987076	0.998445	0.998609	0.989149	0.971667	0.993165	0.988322	0.96625	0.929061	0.995151	0.998622	0.968248	0.999492	0.928216	0.979428	0.966986	0.987386	0.99464	0.995231	0.994652	0.994657	0.998386	0.990009	0.984868	0.99659	0.920358	0.994849	0.992599	0.990767	0.986753	0.992325	0.983959	0.971213	0.995692	0.977144	0.995927	0.995646	0	0.890319	0.976069	0.987143	0.9692	0.988241	0.990878	0.954207	0.989926	0.98867	0.976462	0.997049	0.991727	0.983705	0.994762	0.997671	0.995609	0.994173	0.98506	0.986356	0.873726	0.99602	0.989435	0.82484	0.992548	0.976555	0.990659	0.892627	0.875308	0.919873	0.990391	0.984042	0.82083	0.898708	0.962332	0.938567	0.990731	0.981769	0.90573	0.990399
42	0.775856	0.955202	0.418999	0.399392	0.995888	0.987628	0.897977	0.381784	0.7678	0.651243	0.320089	0.169821	0.80822	0.992411	0.689085	0.995288	0.676317	0.616291	0.454166	0.465608	0.814216	0.820599	0.823906	0.939015	0.988383	0.673598	0.636843	0.821884	0.643238	0.927523	0.980042	0.975101	0.999687	0.704777	0.728028	0.505552	0.909775	0.464215	0.738514	0.951165	0.890319	0	0.495384	0.593994	0.918711	0.780662	0.833562	0.85249	0.784833	0.746424	0.708229	0.88575	0.883321	0.81236	0.870763	0.963121	0.992082	0.98907	0.956291	0.954963	0.889383	0.965753	0.910982	0.753471	0.67526	0.527325	0.75326	0.911713	0.729333	0.711214	0.669549	0.912369	0.87183	0.814541	0.305248	0.498092	0.992886	0.816417	0.959772	0.861645
43	0.45986	0.810638	0.278947	0.3392	0.985841	0.881431	0.724022	0.538416	0.691623	0.688155	0.500126	0.428378	0.698682	0.960781	0.5834	0.979678	0.909401	0.677673	0.495855	0.549943	0.556784	0.68956	0.707805	0.809605	0.876593	0.324345	0.39779	0.589707	0.929679	0.699856	0.795208	0.802842	0.998396	0.372893	0.545589	0.596823	0.612408	0.366587	0.594049	0.893901	0.976069	0.495384	0	0.266866	0.638806	0.548658	0.60702	0.735487	0.525148	0.460792	0.606762	0.890897	0.749953	0.729872	0.613073	0.683234	0.90854	0.931671	0.90827	0.85417	0.831019	0.838283	0.741514	0.870396	0.488171	0.473306	0.537351	0.927215	0.666383	0.629097	0.59977	0.638959	0.918759	0.84336	0.42635	0.737714	0.983693	0.687297	0.888977	0.557319
44	0.275491	0.572114	0.387892	0.302054	0.963954	0.72919	0.647392	0.653651	0.652059	0.533352	0.367333	0.353011	0.48771	0.898197	0.505387	0.936695	0.91388	0.715206	0.521403	0.534449	0.482978	0.493903	0.650211	0.74234	0.719354	0.37914	0.393068	0.467458	0.955725	0.575808	0.859737	0.74351	0.995784	0.248074	0.311539	0.47568	0.518096	0.271148	0.619156	0.860413	0.987143	0.593994	0.266866	0	0.811358	0.336347	0.577444	0.835249	0.651596	0.429236	0.694011	0.883097	0.721613	0.716964	0.418414	0.613762	0.888996	0.860985	0.890638	0.856516	0.913214	0.696414	0.594484	0.934269	0.42368	0.457195	0.489371	0.957355	0.740963	0.694548	0.479019	0.713917	0.956072	0.933536	0.68002	0.789436	0.974155	0.679129	0.914524	0.498427
45	0.780852	0.810206	0.584497	0.724243	0.973093	0.815934	0.715341	0.754258	0.908135	0.69503	0.811264	0.768655	0.862878	0.967832	0.787573	0.978504	0.966019	0.923384	0.70909	0.87702	0.750972	0.798905	0.894056	0.836526	0.733119	0.678632	0.780607	0.843318	0.98405	0.686153	0.512434	0.809615	0.98279	0.73445	0.753553	0.772163	0.76345	0.860559	0.879908	0.959066	0.9692	0.918711	0.638806	0.811358	0	0.810689	0.806776	0.433865	0.604468	0.65925	0.786478	0.94913	0.60876	0.780058	0.670652	0.641473	0.619451	0.692385	0.856285	0.737143	0.34289	0.657194	0.619761	0.653986	0.782053	0.662502	0.658172	0.590892	0.318711	0.280609	0.717261	0.23437	0.754337	0.738186	0.913555	0.971631	0.914739	0.785879	0.615811	0.555213
46	0.314296	0.644328	0.44882	0.494168	0.933941	0.662643	0.644445	0.655001	0.795377	0.578235	0.430048	0.581395	0.686313	0.88085	0.47057	0.92481	0.912423	0.693505	0.585793	0.653526	0.421193	0.505645	0.588467	0.745433	0.786618	0.393783	0.444794	0.527817	0.984162	0.480986	0.834549	0.230842	0.987508	0.17256	0.338931	0.532676	0.522475	0.451472	0.673202	0.86492	0.988241	0.780662	0.548658	0.336347	0.810689	0	0.61115	0.760224	0.577065	0.464132	0.538951	0.86919	0.696115	0.737391	0.398286	0.453836	0.794717	0.734508	0.895771	0.87111	0.923285	0.590034	0.583298	0.931061	0.487183	0.58806	0.642572	0.928391	0.628793	0.660889	0.75235	0.599638	0.97028	0.967453	0.844079	0.930602	0.941235	0.515292	0.820533	0.4059
47	0.599517	0.558251	0.667458	0.701598	0.925623	0.641928	0.89106	0.813238	0.707363	0.696654	0.741013	0.716949	0.464754	0.798828	0.484532	0.919451	0.963925	0.688681	0.559413	0.694698	0.212199	0.287149	0.549274	0.57043	0.80929	0.579619	0.386511	0.380973	0.925272	0.384132	0.682691	0.809567	0.993386	0.560927	0.703721	0.679264	0.482217	0.440914	0.778548	0.786566	0.990878	0.833562	0.60702	0.577444	0.806776	0.61115	0	0.646362	0.58801	0.433304	0.77899	0.957774	0.775534	0.683483	0.514945	0.586493	0.791487	0.798793	0.911789	0.895468	0.918253	0.624898	0.812479	0.958253	0.57789	0.656031	0.698719	0.968	0.790343	0.689837	0.688449	0.671162	0.946079	0.874628	0.744876	0.887155	0.987036	0.8371	0.868088	0.691604
48	0.769971	0.815654	0.622768	0.788257	0.979946	0.900648	0.917286	0.86803	0.79214	0.830928	0.848864	0.794497	0.685264	0.968565	0.556079	0.984309	0.933477	0.629063	0.470844	0.869633	0.49871	0.765696	0.736649	0.711371	0.953894	0.662506	0.596221	0.649695	0.864511	0.680263	0.60824	0.895805	0.998526	0.775422	0.887711	0.894189	0.602383	0.735934	0.817727	0.917704	0.954207	0.85249	0.735487	0.835249	0.433865	0.760224	0.646362	0	0.626474	0.688306	0.749575	0.984826	0.850581	0.667981	0.75062	0.768074	0.807553	0.891711	0.822729	0.750707	0.459605	0.884682	0.84969	0.807954	0.867802	0.702863	0.569722	0.611027	0.275126	0.276361	0.778284	0.397874	0.675218	0.473325	0.786335	0.870704	0.993741	0.862187	0.675152	0.574597
49	0.508422	0.631985	0.333377	0.402527	0.908328	0.521021	0.631694	0.606831	0.73125	0.491584	0.617082	0.617148	0.566856	0.861833	0.516525	0.957729	0.979387	0.684454	0.286547	0.563948	0.316543	0.410428	0.653272	0.56482	0.685515	0.251543	0.458985	0.401771	0.977341	0.345968	0.705162	0.760137	0.987305	0.601138	0.515389	0.601226	0.585958	0.54722	0.673806	0.901092	0.989926	0.784833	0.525148	0.651596	0.604468	0.577065	0.58801	0.626474	0	0.276672	0.773508	0.924161	0.395695	0.717065	0.388932	0.380423	0.770786	0.69224	0.918029	0.798991	0.829752	0.512615	0.577958	0.914409	0.52428	0.35457	0.460811	0.947357	0.641775	0.486599	0.421011	0.453781	0.962985	0.928353	0.681664	0.935801	0.967789	0.80196	0.815116	0.536149
50	0.42101	0.478586	0.602656	0.568903	0.937657	0.624446	0.697768	0.658355	0.586011	0.483313	0.562081	0.540965	0.411076	0.83162	0.489916	0.922598	0.950318	0.721239	0.324895	0.609685	0.259938	0.267865	0.697566	0.523249	0.658196	0.284222	0.352794	0.338899	0.96831	0.223418	0.656856	0.733207	0.993571	0.38091	0.513061	0.528516	0.546863	0.333031	0.598766	0.817676	0.98867	0.746424	0.460792	0.429236	0.65925	0.464132	0.433304	0.688306	0.276672	0	0.718592	0.953344	0.495872	0.694068	0.328522	0.470633	0.792308	0.666309	0.888657	0.831368	0.924566	0.53622	0.641127	0.957092	0.437959	0.435238	0.526518	0.961829	0.72152	0.634692	0.430283	0.568726	0.962503	0.920911	0.695776	0.822754	0.986618	0.724763	0.814743	0.4903
